76820
5979
18644
77138
84721
74242
59
99111
8718
43822
11028
69490
24854
68249
88323
87777
58268
85631
14803
31117
7411
51795
52249
49208
27759
1992
546
71039
24913
88907
322
60408
35000
96204
46424
69136
69198
51181
852
10491
80589
58572
1311
77024
89299
76247
19276
74372
30343
9179
81778
96364
32421
7637
74808
31459
70505
18984
50613
79327
59022
68374
1224
53968
34001
55357
61422
70807
78927
24099
57923
62969
44952
4041
37935
68458
5023
24394
11568
85218
48786
74954
26924
20279
96213
76244
5788
43097
36581
326
36342
24176
36733
56789
56651
66081
45964
74120
67195
33677
35038
57450
82177
61814
95950
49013
99082
146
95687
77332
37831
77820
49211
39387
10708
12126
2685
17217
71195
81709
22198
29352
66849
95397
53015
53315
3172
30793
52574
28152
6843
19109
27580
5226
71142
75410
30274
10321
52457
48983
34078
33947
48656
36662
78110
68767
75775
10824
90551
40415
47208
15606
10472
2624
91040
37077
45733
54036
50522
62488
12525
82843
2532
29608
74149
78839
69730
7980
9608
37499
58602
57672
8701
10584
21996
85981
60036
44147
22233
54208
56280
30173
22760
67572
92315
55404
35975
60310
81874
52254
87356
97989
13651
69280
2290
5317
14794
47316
52585
73519
3732
48451
64120
35735
10766
79847
31486
99925
25781
99777
7640
25298
55657
40273
48540
35064
59131
16190
76747
26980
47194
69951
78828
16843
93827
44628
32206
20112
73269
99115
2350
69069
19459
78969
64243
60284
86481
57747
44930
23762
19102
71198
37391
89460
71296
8931
66363
37679
51995
45877
27660
8453
33068
43961
75767
24810
48385
62271
70871
27370
48925
18701
72044
71691
55219
74275
75827
28244
7437
31283
340
67583
64712
61287
66920
83684
96624
491
80627
22402
93145
107
19053
97513
67068
69660
71978
81408
95660
49475
93693
80005
91684
60352
30596
77393
19349
11381
1108
32207
84915
31676
52233
99358
37582
23372
73247
4005
10955
33034
78886
66808
18656
84590
31887
84798
47978
13756
91158
47611
19535
92055
50815
82937
89322
35200
67499
67600
65146
28393
72619
89220
7959
41522
58188
82268
98420
46693
40205
82937
13351
26584
43819
1100
23426
91371
63353
5131
85681
34940
46856
67867
76935
54464
19806
33019
12095
64015
19131
82705
81456
7827
5384
11884
92015
96448
26193
70410
4665
64621
31094
12909
33218
20434
21247
66189
18175
51034
18719
28545
35234
9156
85205
82768
81439
71278
6180
83850
43149
30312
8501
84608
80648
18762
65704
38906
62374
21645
22241
84812
25944
74049
70074
41586
85371
75686
83878
50216
82216
17088
20365
17769
83985
91843
88710
98409
77187
64244
81910
19747
74546
21398
74336
45134
61983
55935
78268
13934
14513
10671
16657
30527
52855
22593
64117
8388
69133
75048
22488
38483
46086
85786
98699
92677
44523
11889
63425
681
96061
21335
82094
94297
90048
60488
3150
26669
56405
68594
82768
44206
69124
1485
34557
96848
52444
88055
473
38506
93871
33787
11562
39714
9597
20161
74011
68849
93908
28371
84667
40866
91843
29506
47863
23497
45408
72156
51033
56230
99706
89797
91294
1706
19932
58630
63550
75089
34641
35922
53952
4636
23915
26773
92033
78986
34766
30003
24977
79672
26749
95847
76810
86878
37693
3278
15975
70010
33435
16765
18885
16720
90999
13806
3271
65559
75376
28071
76072
67836
64282
5953
84432
35660
2786
75313
88980
5485
55618
9727
56261
46099
18876
86449
87361
32899
96241
62755
54381
40277
99199
45471
93180
79796
24773
13813
56505
89957
91890
64088
53695
96107
15995
35312
11804
39144
63366
94042
13709
83066
48805
78107
13851
91580
15986
67605
34565
33852
52809
91573
57674
60041
81135
84697
36477
11675
53651
67795
76750
27771
44958
43116
48950
74114
22496
26523
19710
44741
23866
49223
98070
53172
78564
30053
64365
72647
39912
84759
27181
19496
26249
31464
62413
29043
67903
66991
405
59923
64547
8528
88598
75430
23555
42881
18120
6483
70278
50324
66701
44326
20046
41822
77450
11489
21786
30266
58117
78091
8839
50481
45133
81526
12355
29434
52838
77100
15645
78574
62190
79285
24206
91874
80882
99523
58430
94292
84382
77384
75644
42450
19232
64334
7533
19727
15890
69129
63642
66891
86567
96298
64491
59741
89072
4046
55650
30068
75633
64298
56645
90780
42571
9675
2152
3424
29918
68671
73763
97201
90191
94827
54551
9737
41212
8494
6981
52416
83124
73596
13721
57236
13558
2034
37998
36755
36727
47512
11228
33752
45707
62084
48585
24298
61904
53908
63602
15598
75205
29028
2645
33627
76994
89903
85875
55835
1308
85211
92592
34240
55999
72453
96914
63978
54454
45329
3798
51409
1761
46017
93160
4625
81819
90754
54702
31938
58025
48893
50209
31282
44492
22989
99837
96345
23210
2570
39413
66152
85913
17226
42130
20616
37358
77671
7593
35695
34580
7889
67719
58970
98716
98417
46519
90039
27357
65403
87203
52455
34738
91914
62688
58690
59364
26732
60049
88316
4889
83325
1353
95158
50744
18157
63338
5276
94350
55965
55365
63503
76653
77294
16049
75797
28278
53938
53896
477
11556
58939
44511
73276
15577
61402
19969
53646
42123
69917
6587
20282
15932
41848
28720
10331
16493
56698
65718
64996
57807
85352
99971
88729
13605
72773
36740
28457
12436
39436
80455
68237
23514
43860
80066
36517
16754
49992
33007
8346
37863
22367
35088
64709
18947
52605
23257
47475
55359
23107
45608
58634
47189
59360
62634
31614
18184
57027
54211
37327
1531
27642
73830
90607
89680
25386
36944
31701
52658
59357
36985
9864
92458
72610
83041
31753
43278
11696
91042
11668
74220
15838
60920
44937
14926
5785
15869
14273
48225
73648
53322
11725
15235
12773
44006
9902
4343
27183
30691
30653
29428
52108
88126
60333
88563
71205
19258
93544
50349
80845
54514
56773
73337
43484
8490
84523
68274
81428
23282
99086
49838
22204
24717
83232
85173
67205
42310
3343
72664
72184
97795
71071
42078
62822
85234
24343
90619
34444
33804
81168
77576
61072
79564
39353
64042
98761
96644
15446
66588
72526
46773
91822
24870
27855
39561
14187
36866
83860
39874
49692
20203
86171
89615
36571
54068
71848
41644
35134
85946
94137
14502
1399
88904
95678
26933
18177
18075
63996
60683
48889
62732
17008
6460
71222
17501
77561
28201
76804
47494
49190
77084
41827
55634
39791
70607
8238
58267
16831
28792
97087
97449
72116
32118
13926
20956
46534
80889
96506
67241
82865
55266
35987
25408
46239
78405
36249
57172
41045
66716
90235
24602
63994
871
51845
29185
28061
35283
38750
7703
63965
91044
54214
95089
78483
5734
23816
89925
76661
86036
36725
88763
50406
37032
80984
3594
44695
1113
6461
19760
3773
30035
26503
50390
64253
96961
67376
53158
99216
7922
92424
48639
21055
20150
9389
93411
16806
66177
99668
74800
99324
94839
1795
88272
58971
99291
1793
34589
33831
70471
85946
32439
15844
2927
20734
94430
78364
69159
22722
27792
1185
32892
6947
25302
91056
88366
51365
99206
33146
48256
88367
54423
13807
29874
26655
8060
3599
90514
54465
29268
84714
30892
39699
70084
90778
86969
80375
47758
534
89257
84054
25121
34595
14232
48731
34918
90089
34293
68102
85273
11747
68285
92917
73789
75973
19334
78807
85519
13687
25358
10906
10058
53990
97528
72517
8260
35123
54113
22215
12143
56009
83457
39932
52176
80412
98767
78140
96759
58971
23108
27391
99791
66723
73620
57920
27874
80825
12147
50625
74208
61086
41160
7307
69719
64692
60266
68601
52258
89059
29043
12203
40731
47613
62301
2510
5655
3074
52524
60267
78878
95941
98637
22767
78543
57127
28238
44593
59270
94393
44564
2665
587
8913
75828
92837
79820
98886
68108
53816
95522
55645
3785
48732
65524
94891
49876
44656
99678
36342
36697
92742
4291
35359
98057
93706
18043
80026
61337
67364
65324
91240
13325
44991
92997
26527
39005
97311
44290
32304
52654
89004
43421
30179
58718
70192
14768
69460
62096
7513
37752
20391
67241
39201
52685
77545
90963
24005
6990
95117
21907
55089
98885
2685
64675
13737
16312
53027
13184
94578
85130
57695
69412
33644
42664
24552
52006
3194
1727
84022
18504
2232
81253
66684
49585
29380
25463
90450
59217
12445
91507
29799
85645
52845
56916
60853
41847
96941
28978
74825
42478
65870
42402
90456
67624
73584
688
80736
12918
58936
14496
47385
58315
82816
49613
19911
65279
64943
37046
92628
30143
19766
63871
76971
53639
7849
92694
36968
52152
12236
26672
33662
46302
57714
28227
32129
20517
34508
59101
85216
14217
42478
13503
45549
5466
17065
16921
80263
98899
22699
93970
97204
43991
37513
92748
16695
44866
83093
77651
6535
6585
49138
92212
40227
66815
51860
4136
78543
79509
20303
28097
80771
82561
290
4095
46595
9480
6448
253
54642
54116
35599
16435
49079
91715
34229
61627
67980
26027
88942
66122
4418
54523
13984
13159
70388
2522
99059
79807
84257
12974
23778
83179
87488
9496
56629
55768
84046
27538
67352
86857
79205
30679
52252
58420
66005
65831
56495
18964
65624
51560
91353
38118
6678
1789
71878
143
1011
64933
72845
69734
16565
67590
95654
23691
29983
50952
94058
51194
60248
73625
23003
42435
847
67991
76262
1454
22773
51073
5792
88926
39168
3378
19750
29687
51882
58508
36378
88936
27456
87666
75084
70455
57756
86713
73134
15230
88624
76115
72149
81281
31261
39997
10398
40522
76127
72224
4760
11648
99204
98193
25992
39079
78077
94059
9323
73294
1142
26707
55514
85394
37996
33544
4092
90403
78585
19100
7218
8347
92847
17338
26394
42120
21200
28517
22623
39445
36708
20018
95746
34324
96781
33694
63443
98539
44055
53763
51575
69650
38446
74104
3016
27551
29595
62803
45774
84413
67574
87446
6653
20545
87429
12259
63271
24374
23599
22765
24513
28028
76085
72173
71635
30541
27699
70147
19738
57547
89892
26866
90678
14744
40564
59634
56315
44826
77761
4401
98363
44477
8055
94899
89176
55657
97894
24603
92112
93009
88065
964
66953
61474
90878
79354
75518
92556
51385
56570
77407
44180
40078
7711
25153
64215
83311
65668
65752
82337
63147
6693
96982
58739
83034
84
23774
46565
33543
67772
47738
74116
15922
40780
49726
12313
80802
7047
33690
92805
69890
77259
21897
9873
63473
19156
94252
84621
19716
9274
40366
22166
91759
4353
74077
65689
51773
49783
58286
47786
29827
10780
9378
87769
68766
50172
62352
41503
30985
65004
35375
58813
71153
21629
91749
99899
49876
75306
96080
87244
32624
2931
90297
13877
1444
49451
463
48161
1517
3547
42553
34829
44052
61557
80780
67337
66321
47286
75232
51837
29981
69342
31874
937
83641
72444
45519
7916
48795
66162
54042
16630
95010
10494
14961
42353
69823
15886
7155
84670
36194
88547
31465
57399
41602
66388
22261
43046
21315
30512
1679
49053
6552
43857
55955
80412
13488
53147
80810
80322
35797
5850
74197
92186
60328
15915
99405
28269
67623
39638
49354
42595
67068
8454
85713
21105
10353
68900
64744
59265
45196
67462
90596
80404
5212
51031
60903
35569
89939
29191
48268
23011
67728
30795
2350
55366
57098
81103
4365
19633
36315
71976
71281
37515
81299
31291
63864
70713
5590
68166
17859
82631
54400
30983
39141
17004
65444
41254
89087
2750
11933
41719
19535
98052
59373
688
51252
21800
97593
52393
7551
9811
42797
5311
82944
46941
23856
88949
88929
87737
44961
70476
37888
96006
87503
20870
51268
11862
84860
74887
31905
3773
96126
92022
1487
35407
92674
44405
24227
23573
68618
17907
79957
43077
10447
70143
57448
22196
53338
37763
39375
92881
30214
48689
1567
26375
72494
51396
7978
69181
59314
87546
27112
9884
70548
19710
14019
34193
42352
13705
5200
27094
40315
65880
43510
42427
7086
23927
3628
92278
46624
77463
17056
21428
39225
59821
98903
52476
53663
51876
2536
29726
10513
45281
75520
14170
29098
51010
94396
22520
69266
78360
54960
53978
35642
5065
37360
71887
21901
92395
51005
41259
7126
65335
16982
57239
95535
65276
9432
28789
7873
84740
17989
84380
76017
72876
26187
50041
76337
4082
55689
12556
2276
91368
3839
54676
36927
50156
18099
68080
16832
35720
71266
30571
92364
64709
11666
55598
95314
76470
79449
83653
12092
49986
46198
56923
80441
38083
12364
97604
24687
55500
83067
15034
17366
66781
98648
45965
78305
25150
12222
81306
63754
71284
5284
94949
269
6004
34230
11114
70269
12809
80733
11765
97748
88158
20616
11845
91303
73541
20125
97146
75525
15866
57289
47381
11403
75294
77294
6112
32443
98834
52072
71013
80133
43630
87722
71353
63244
74431
44224
62644
97987
37623
89371
13955
80676
50144
24035
78110
54805
6762
3359
65045
17209
99203
4381
95566
37641
88792
72155
29995
29266
94184
98162
58860
52089
89788
7175
15649
62357
45482
53397
38659
47975
99438
87928
52452
94980
53139
86539
97841
14617
31519
41339
16788
47675
41729
94922
83231
42930
73559
63687
22579
48459
24003
25928
20565
41362
92147
39091
54700
65497
1601
26149
3461
48656
3334
35817
77523
59206
89878
82965
33210
69628
19366
27065
51308
30552
81222
35795
23394
6156
51512
46535
46523
75286
7556
18883
28061
82662
66364
52632
24680
64958
80971
52641
38295
72908
77756
56558
45682
56882
17059
72480
72577
57315
89308
8040
45485
35075
42275
62204
25938
54975
31990
66937
83216
12703
7270
55809
56413
11887
63025
34577
96287
81951
17212
9838
75636
86092
90823
46957
70322
6252
66027
75895
97737
51854
64059
19069
53992
80029
10843
46995
42101
28829
49652
16257
39350
39679
56682
69386
39467
44817
42400
71974
12945
52352
22828
49780
9154
58631
87316
53983
70706
65259
82087
76707
94923
8454
20041
30872
20779
54012
27682
43880
46878
39422
49589
58614
90952
1447
49142
71303
47076
45390
25723
27502
34513
34539
96402
79122
45927
15706
17897
99246
71715
72545
965
17023
3637
69530
51127
73498
61411
9082
19919
97924
22673
16108
58491
9382
59967
42534
48488
53377
18129
8459
39632
64478
96865
23865
56143
73558
33375
55102
41192
19412
19141
19366
67368
55813
3033
80241
10573
63293
95469
66666
46288
71787
17866
64807
10952
97134
3163
29620
80947
46310
53817
74591
55344
8810
17576
21763
11627
22337
82769
26419
35990
76513
46796
15325
15267
23323
26272
69381
57401
78919
30926
49446
25530
3466
49771
40154
74594
53910
15088
3148
55464
88858
1242
88776
53043
45104
41942
56812
24890
89009
63401
96856
57589
27762
21896
52761
93645
53597
81288
17978
75797
43524
77455
16625
22275
90582
25558
21640
31888
24836
64956
26808
65567
86530
61004
17839
47655
29499
14201
48329
84918
7274
90246
45820
48923
22904
94731
63127
90294
85101
56006
74589
17197
17372
34360
58323
12639
97435
63001
82661
50193
43808
72093
64131
90626
78824
98272
56418
66669
64430
12244
22318
61696
77059
31940
26188
80753
48862
748
37230
37864
96652
49780
11472
14719
75298
39774
48255
36367
81348
51526
33972
10630
55752
13249
26633
84340
50614
33402
6465
53824
76628
57403
57929
10044
86129
33683
10296
83574
42392
64431
9776
87121
6068
14514
84099
9562
87540
86747
63540
41056
24231
86069
22816
86208
97821
51058
99207
17391
17784
67830
85138
71913
27449
14222
21102
78864
64510
72430
60018
59748
8920
45043
6643
36136
53790
53447
42362
27359
87533
11262
81845
73696
26748
66680
11285
26692
16196
99871
59041
2191
25542
95947
23841
38006
44872
93532
20562
18207
14866
78309
80884
87490
49054
12071
78905
51483
88635
48549
58969
51811
85779
856
74627
91620
36261
68034
12298
71957
96701
25965
52113
14022
53335
63189
67624
25371
24519
54408
79424
44210
51386
88695
79721
37129
30331
33640
31603
11835
47265
12818
80600
14249
46288
14763
79931
29746
89360
27651
62367
13369
68455
33226
50600
29387
11121
14131
5447
98993
5334
60512
6566
75669
96049
98510
3922
29396
72875
62129
17945
12458
73542
20227
19608
16644
48484
65668
59016
63966
81266
16016
3502
25397
53557
35276
80376
86718
57494
86374
25247
5090
60294
17129
86217
2603
8895
28086
74564
68484
324
60530
82601
76805
88684
26823
79299
46408
45500
41069
83928
78762
38299
88068
14804
39668
91462
82197
55016
25885
48721
40499
16894
37284
32375
67319
97106
64584
19250
59823
36342
58561
66863
93650
33552
44871
56954
72873
69708
74455
72212
46232
82830
23086
72858
67239
23588
98026
13878
12893
89673
96250
84802
489
33655
61105
12510
5629
54165
24872
81008
66387
34626
38526
63558
43524
32136
67508
93125
28451
42817
51304
18373
50477
87855
20077
95560
39217
71311
84230
16855
70517
84279
7729
32090
39183
60157
68551
56327
56107
17846
37567
75804
53676
4232
25803
2627
259
7110
75858
47753
87596
44298
57793
87922
7818
90168
43590
89604
64671
57702
23213
37285
64049
90744
94213
54105
45540
3409
13240
12567
20791
9401
7138
35353
84301
69834
80667
29989
33270
18167
72975
97004
55718
24493
98490
77502
96344
76124
35948
64554
39416
56592
15724
10568
18723
29467
66271
87961
41758
30248
51754
10421
14516
54848
52379
99217
92942
7048
72211
28998
1926
33908
87003
95166
20253
85463
21299
21241
9778
92411
29435
81119
7030
21212
79981
98951
25034
22957
81089
19662
22044
20801
45060
43429
81425
34029
8534
90957
95373
51733
12303
86776
360
16410
22109
89372
70341
60364
33791
48257
81689
17768
31328
49120
57699
9566
66939
54027
64546
81458
8576
23655
44653
31868
3512
91692
93489
27731
74450
3383
40417
44296
73244
78793
77281
48582
27023
56184
2689
47610
99320
95350
75913
39201
75227
9570
56729
64619
47361
9779
59138
12398
94938
40853
51785
92370
66330
13473
31133
1621
70972
61369
45376
37245
6377
43220
6713
12422
87010
89280
3565
40827
97088
30662
67978
6138
53060
99750
79965
5952
15869
6699
34507
48098
94179
81495
65578
40516
29736
15337
83332
75246
66386
98467
24945
49133
37453
63717
77975
29934
84521
14252
62764
39898
46766
96693
99874
3233
45951
44262
71966
67200
59871
74063
48512
29497
41971
60857
93035
30910
65514
61251
1880
42185
76221
80183
76142
30702
50327
13913
10166
92159
11110
87718
93470
12296
33345
83008
57490
76567
71815
49939
55425
22501
31361
14511
13334
41806
72663
14177
60564
59539
69466
40726
99241
51863
11399
4386
63548
94616
52340
47721
39135
65883
81174
94002
41219
91573
1613
53525
55351
88291
9591
54679
39665
15952
21705
55525
94132
48314
67530
90830
3196
93407
75620
42954
64559
18154
70345
3502
53296
43827
41069
91820
93678
69802
87828
53818
92922
25944
88606
33044
33464
47408
14432
52490
71083
81921
51092
80128
45995
72097
12089
42563
63112
79244
51705
9573
73837
50791
2443
62762
87467
95103
59883
47124
9439
42210
44802
65853
26748
82350
92428
20519
51500
53131
58530
68923
57493
87923
93779
57836
38926
2153
18940
41980
50897
78812
39024
70509
20803
54763
54179
360
86869
58604
6654
36711
15548
27347
33110
23760
71098
30428
34468
76750
68799
73033
98088
62732
43779
7746
64764
84059
24946
46402
3112
41727
98301
95550
87014
57993
37717
46897
79036
55545
8868
98702
23707
65682
29873
11909
34176
37820
9166
38012
98536
61053
1373
35144
68875
92596
45231
17607
4239
73376
31690
31434
27580
83821
5386
63960
57262
94295
64366
12171
53450
73012
56333
81293
14656
48140
93108
31442
13215
80681
97774
18217
18114
12362
92022
62281
43848
81053
94593
35760
36420
89040
559
80066
27172
24859
73368
10986
46081
54524
96129
36496
50723
89589
27855
10814
34741
18038
65951
33771
55228
58216
12904
75343
72132
39153
14887
74153
58445
64949
38065
73122
22364
92776
89320
37300
38665
99748
34534
38785
42617
25053
92154
47206
13999
88522
83999
70787
64593
64708
84430
4107
47459
3090
95359
64599
61089
2466
57025
61356
36546
17719
93099
88581
48834
84138
16482
87889
25665
14649
18552
8068
46912
59647
1557
70610
93042
48726
37573
82638
33108
5714
97275
73263
70905
43867
38765
73944
10291
2800
81646
50865
17798
57678
51338
76817
55103
99956
6868
64516
93983
5569
3072
29315
39936
34199
40415
81407
99977
17738
45177
55865
43420
16753
2790
6499
39715
81735
29666
66938
17050
17898
9962
89154
28508
65299
52354
14424
33583
33298
35994
44642
85966
56830
31920
20609
45588
10861
60875
55945
13781
95858
16146
66114
65339
98293
31179
34649
83738
3270
63124
70719
77807
34659
97342
99661
75874
88429
73140
81610
2838
2131
13169
8241
23193
64295
93470
49672
13644
10234
23412
10706
29229
63162
35970
90952
37876
69358
61775
62403
16995
49239
52319
19443
51483
70048
52577
9118
8217
37450
6929
59264
9839
60139
16209
2976
60147
47775
21912
27545
56598
4779
17218
16546
44363
25873
3273
76620
22555
773
30815
98314
1238
47528
89791
1199
7859
78788
78910
98593
72456
68301
51903
70562
96272
58226
64275
95025
79946
17415
45092
76713
46963
60645
44954
55727
19390
25121
46468
7245
59134
70296
94465
84814
26938
73911
40169
73721
11171
40686
39494
35136
11099
99246
19172
80367
39139
5409
75775
88760
21631
88112
76851
43656
46852
71167
55000
75683
71125
45260
77203
50035
98711
13643
8706
90655
47957
4969
517
89791
11885
75554
39132
65254
72899
14492
77971
50583
61119
14504
69946
39335
62248
13737
44680
57926
92273
12212
86141
67366
43404
13152
62284
73757
67723
71522
41357
73878
4460
80127
25573
3325
88329
74205
67112
50411
64275
83746
77177
55875
47331
56410
58376
46006
13024
44295
80162
45093
82492
41471
51274
70475
76057
58261
59615
68848
26327
93956
40597
43137
94954
89687
90548
24054
40865
90454
22365
62737
81280
13147
80903
58308
6567
11233
56449
35828
39180
25620
22378
26456
64829
66675
84922
72011
64430
44746
78114
90927
46066
67328
80519
60473
22519
70961
27425
4540
98089
33266
24549
46531
92349
40268
74132
95495
60211
60054
17176
45037
99235
20690
53326
9654
91090
58566
50151
44045
20962
57106
45186
23342
52329
39340
1917
74942
90971
9079
82462
71806
67668
61696
81670
93528
48912
87886
97279
37659
92927
56458
18109
45654
37579
87638
21302
48541
5254
92053
89918
57810
12794
92082
2546
11882
40156
23798
85302
76784
54155
51286
83106
69123
98362
26910
84158
52164
36590
46146
40634
85513
39168
19586
52516
68491
49472
40913
85588
2547
18632
46929
82450
12647
83612
3620
43177
94048
13649
31161
61652
18275
37725
26990
39400
24274
43007
22306
35083
61857
74965
37392
17319
57375
86866
39626
26968
50810
66489
90748
51328
81259
39091
66475
71040
38167
91591
34660
89879
59696
19578
25622
17738
17045
80969
89826
3605
5671
65730
53883
55912
6793
73609
74841
4176
2418
94896
12000
8046
70791
23236
26833
82344
40587
93371
27053
39062
80593
13042
10507
76501
5648
11831
35058
81671
20629
47193
75029
25589
34285
68535
74711
95418
74911
12972
84026
24368
38622
56210
33645
88219
18149
45930
85891
17385
58803
62875
65577
1851
85093
35844
81574
42102
54209
34156
37089
14530
49523
41895
28579
76396
3763
60364
46812
10219
29414
71542
84101
5589
34324
25199
28646
61162
45647
97374
75496
11048
79715
63070
18945
23253
70062
3213
97979
55535
114
29697
22335
23689
25578
75207
32900
64508
72162
80975
31710
7513
52020
36685
96306
16902
11643
65060
99541
33885
3414
10905
82935
88637
22760
34395
51769
58012
14724
7860
77562
31456
49012
84191
56515
36202
54432
87058
47801
87143
72315
98775
59505
66395
44479
60856
20527
597
11595
76509
51772
14102
88761
31049
26525
77275
44751
56557
15829
35347
77891
39069
50044
2666
43275
48575
33539
76999
13876
86982
77632
1768
7069
60120
65379
20391
78753
16471
71137
21871
38687
41078
28515
40446
69552
26575
92394
90760
33384
20915
6227
66990
82462
63919
28882
73788
11604
16526
9096
78843
97446
53724
29575
72850
84
93814
63045
53525
79810
58246
5215
88153
69736
56847
89200
74880
83401
87984
75519
88082
84907
40159
5921
73718
9123
8421
5232
6798
93990
8471
62942
89559
10772
36986
50692
20156
95762
87323
50358
17427
75269
26047
8498
90486
33550
98951
92476
4623
30907
7829
47359
3134
70845
92056
35173
86713
19906
15149
85849
13894
91329
66039
50348
90987
75937
49616
56692
14189
92781
47316
75783
77314
85386
22817
41249
56117
76253
18274
8072
27427
9160
20003
25406
69283
35361
28615
27153
78325
4384
59906
48692
71346
2785
97023
85448
28762
48639
18230
62472
7213
89663
62342
63680
65648
63535
76212
37900
9403
66979
26409
54530
32348
61554
40285
86249
82951
22761
76641
84153
29019
73637
83679
66400
15662
4521
83590
44935
11808
72349
40329
86471
64823
66414
51286
2466
81527
83630
9803
70131
20316
93323
24135
32243
12618
45496
41964
86394
66652
75259
20589
70462
6512
63709
84600
29689
40763
1992
21570
79028
17096
61866
98492
22691
74590
17519
40979
12468
99138
35331
27438
75363
47536
26283
95624
35050
89644
1921
79181
53156
28896
21195
89602
17072
7193
55331
36508
98593
68545
9392
43241
7780
26248
69221
27983
45848
34614
28766
19124
7246
28364
83533
8884
20195
59905
15460
81077
3954
95770
77065
45940
73430
82277
8872
34208
39702
59996
24193
83168
17968
45668
50620
74736
92472
63055
16243
24173
41310
66844
63260
63818
7953
77548
26351
55320
62266
73133
1809
39079
34942
60844
55657
92665
43840
53028
22033
32495
88251
11625
79266
96472
28645
13347
5857
85450
8690
56075
35758
61137
80585
55818
84587
78216
74506
99532
45709
1087
93410
44381
3233
60365
24157
42032
24404
6747
31904
15115
89962
20214
15363
28550
25187
13089
7694
80970
35527
76655
96044
36149
13759
36048
56182
54186
9278
9489
33766
98031
30466
71760
46141
20490
98916
13242
92362
25395
38448
43630
14830
74019
93739
31970
67607
43515
48634
21949
27517
50308
46877
29495
36643
49076
25290
84785
7957
88305
15886
57645
54013
24559
79428
3608
36172
35475
56335
84905
17732
94748
18937
43697
52968
39327
92683
76970
23326
5785
19342
45738
41162
32121
4239
13143
71437
45217
14877
16163
95945
99907
15329
86903
5530
55688
93028
56729
3325
45513
24314
4581
5124
14007
96147
37337
59093
37660
62751
53923
753
6485
48697
96036
12659
52867
28854
47909
72350
9795
6666
35162
24427
6965
22266
77795
15720
69121
1564
88268
6752
75078
82541
96264
25471
5792
82033
7706
30006
94539
9420
9880
36380
45389
34163
31875
3830
36499
58057
24584
79246
18388
54555
57585
75984
55044
97416
49366
52067
4678
4043
26645
94943
4535
98151
78051
36199
16596
88942
29265
90583
98228
51553
68589
91687
49387
60375
11282
95781
51199
53291
59265
99694
8994
75291
91729
76587
6785
9688
97508
28079
77159
11673
35482
99152
16893
52556
99165
32127
98782
44838
5912
25365
95210
40527
14755
37134
29156
56825
87614
10372
69333
73988
18841
83432
51495
7251
36028
55000
16805
47406
68935
92173
1556
39166
18503
43205
70144
82159
92752
94685
38695
41168
19135
69469
55402
47984
50075
61777
1903
11238
19479
44446
95960
25998
92588
3381
83000
35068
72561
70270
41020
7936
79538
12258
29399
29482
29318
63867
27560
76552
18128
41067
97235
94844
61462
81166
80003
26767
61075
14384
21547
28008
20823
72547
23450
18193
3323
53575
69443
6076
64288
23442
89428
38230
15316
43021
92032
15671
15962
20
12377
5878
69312
91356
72158
18305
80615
32760
46449
95261
9249
72175
63403
72087
8324
43584
68550
30839
12596
18362
45282
83555
91161
61765
32654
98473
49539
13688
41451
56831
87794
52993
97351
89322
33983
86977
30737
67321
64987
10909
21098
34887
29772
18255
74730
6021
63382
54019
11194
25003
2895
66020
22706
35488
95197
65094
87047
64380
36820
43225
51170
64742
1878
64582
98298
16550
36092
12068
78988
32965
52099
6257
90324
71405
24416
58247
16881
57010
89099
28361
47831
31048
42091
21671
77126
68124
23802
47048
60645
22302
94310
20795
91697
7683
19633
50732
16566
54970
30929
5186
31689
24340
12816
79027
80089
27111
55511
75632
35207
52961
5348
41886
33525
40853
75281
41541
46347
74150
44922
50141
27269
20477
46456
2530
52561
43177
77508
45677
6674
82573
84503
77644
58726
25371
91253
44061
65947
11493
24641
70493
27168
75318
44679
83758
56153
98315
82395
67823
15365
12502
79607
14338
51031
32123
20588
61360
1437
55590
70303
2130
37069
67582
27671
62145
80276
40769
78343
47545
41657
42144
29595
30322
60008
11281
57004
16349
61244
43888
22396
80168
15838
50316
91144
94216
6967
36281
10224
19323
62852
63877
16847
63613
16090
45605
97754
81692
81737
43255
5204
8780
43748
49238
78645
58951
22732
79984
87667
87463
76187
2036
76930
69993
79341
71040
62325
83716
86727
87857
80910
1573
1259
3770
73839
24168
4619
87287
28065
60660
61085
85261
90918
11104
72709
34850
78715
6174
48520
71235
53288
96388
85785
4207
16432
81461
97588
47399
95910
30079
86788
93155
58744
70451
54969
94850
8726
56510
72814
33220
99120
50595
24811
83625
75574
4099
73156
50125
44448
39713
2699
12282
86241
56152
89749
52053
13347
58815
3327
42216
94113
21660
58838
37479
97570
54489
3541
6568
46060
36933
8489
21638
96192
35898
46493
6109
10050
88447
60445
37710
68599
19714
72638
45428
53860
21485
89016
81902
24938
70997
2056
5181
16854
65376
83791
65455
3859
99012
87691
44435
95270
22326
1487
47920
32448
44160
50782
72907
7093
42386
51336
5633
36890
83810
36773
4441
18655
46177
49575
61790
23451
36995
74943
50228
58099
41223
54963
14858
55135
53560
62104
60680
91424
918
50756
93025
33550
9699
72982
59386
86135
97369
16369
72927
91131
1901
58607
46735
50282
33189
61416
5992
18972
12889
31198
33769
35568
96746
56475
41988
92717
46651
46309
75543
63979
58005
41673
42129
35469
70051
49096
90185
64737
16388
57187
86015
85463
89496
74912
99353
79377
40762
87054
77355
71690
92124
63196
1199
33974
35503
5343
4038
11083
22131
66440
87382
68132
91701
24143
83349
82453
75276
60767
19360
66375
80709
25933
62497
62140
84835
14260
48690
78157
70754
4685
68956
24364
41340
79766
3158
28052
15293
66230
29950
94520
95887
12023
50918
79246
47309
44941
5079
21993
56660
72223
59185
64078
76093
12407
58618
72887
87476
22634
64049
85632
55734
41714
28962
15008
94809
81925
48322
49477
19952
10816
63944
6403
92124
25082
44793
74319
8236
34309
57964
50590
85934
15988
69668
11425
42469
78652
11269
66026
7216
49675
80991
41229
72937
11204
89794
55818
57204
98218
30391
56100
1597
25602
43291
34148
87281
62598
61239
67699
1679
37971
69664
33421
47576
13740
7450
92536
86616
90201
44406
32801
24768
68906
25133
71629
96320
67822
90861
84395
12549
51105
80172
85966
69687
12926
3174
78412
40442
33854
41982
36847
37894
47828
42473
68613
53547
77528
29671
17574
54885
25505
3213
98387
29038
10544
65579
6688
16181
5330
95123
86074
70920
61795
87294
5858
13857
80078
92501
30535
87277
39713
53886
45744
40921
16171
44835
45823
50402
49181
67913
30572
95171
83142
96428
74535
36075
86807
18771
40314
25051
7378
78213
41069
11301
31304
33439
69871
43948
61737
26430
56262
16340
74510
13273
85696
55398
7795
42474
97371
8363
17234
80800
27175
96972
63312
51142
62488
63837
19336
49020
17286
44745
89936
74068
24159
18751
19519
71245
85427
80623
74817
50584
11796
76074
76679
3739
14731
98256
15921
80864
67212
38429
51904
92885
11502
2018
16176
90927
9898
88947
38715
94772
96859
20984
91017
24062
96385
84549
27731
6704
86174
20105
43020
94650
83423
62081
23551
84942
37346
56432
38984
72450
98138
79587
8009
56949
63896
81247
53245
14266
22705
52158
63116
63867
96272
90321
6423
39145
12063
66830
87732
74381
95118
74031
29454
25960
25491
39806
57015
93825
60511
43709
8917
25099
51358
66435
23242
66762
91052
40976
93804
81361
26292
77126
15462
71496
23693
79215
48932
50485
20730
36759
26032
49438
63563
91197
35174
96591
91297
71412
1539
45956
51387
12733
38153
72695
4964
32792
23577
35714
44459
48125
32847
73985
17966
28946
13116
1162
13100
8969
33460
33379
67210
555
1577
74333
70381
3187
60810
25674
87235
33841
49927
48823
18762
72979
44767
54891
99847
31825
94899
44493
59035
48696
6839
62208
73290
60508
16912
4486
3112
21906
79785
12973
69812
6344
58634
65052
2756
88683
66799
88483
72754
66412
90218
48472
17706
91731
28545
19321
22667
59186
55040
95973
68055
18985
5451
66902
46283
5126
16347
88183
14301
34369
62297
1016
72946
61735
73614
37776
65032
71790
98113
7275
93927
49286
53184
63313
16231
55516
81083
96413
64715
29486
19165
45666
86293
24356
4564
38422
17839
38823
17009
27482
80234
91398
67732
36593
70741
70142
48838
97935
35249
52815
242
99397
20808
79964
12894
30181
63778
21798
62829
98212
57181
51096
74231
77491
90734
55820
85456
534
51122
23750
51151
46377
22407
49845
87893
30031
81397
27274
75764
42380
36688
38147
94746
17238
99224
86270
57558
91819
81403
84451
84585
4800
74200
11939
89886
12069
79458
54036
30213
45496
54626
51281
8588
35680
53203
54416
22141
64700
50998
9480
64631
68720
74312
41769
53752
73788
41467
61984
41917
10926
23248
50998
24015
33843
2477
28914
15433
54884
2407
12191
13880
9564
69486
57697
68828
50495
13633
83976
5370
1031
2912
67505
30744
26099
79579
13009
4681
17502
20179
34445
42473
85275
95353
53712
55609
33577
60263
29273
13869
95434
16953
97475
38363
62204
87019
42165
5926
63414
39204
69023
54078
25706
87304
80245
59853
51410
24724
62798
53581
50050
48482
6871
44359
69734
30521
97929
22433
37180
49158
87743
45759
92195
77301
19308
13051
88666
87905
9025
86149
90195
53944
95521
39456
62605
92328
68635
6732
89877
10802
72602
43487
95338
24466
55550
70706
42838
41381
67234
29314
27359
82535
12235
56454
4669
88209
32845
41753
95283
85248
29562
66661
27673
68508
45108
79995
62337
91063
65267
59565
68074
1551
22467
98365
31521
12040
28497
96016
88581
51728
12562
33104
99879
73636
67936
10462
19244
68431
79666
6388
22667
56687
62171
48241
98528
47137
47111
63861
70138
1000
40123
17383
92019
27358
39488
33090
75443
18987
92163
18052
68806
19348
51490
7169
11123
32445
76744
37341
77539
30590
21017
9141
27971
52987
38310
78008
68866
10195
69731
61365
92700
62054
21452
14487
7692
85557
31080
75766
98733
56700
67913
92951
65014
76927
86129
55868
95659
7067
31427
60005
99921
47220
42585
12634
97927
76999
30880
28098
79545
39711
85130
87045
88919
66845
14999
56493
91013
97396
36709
41824
4488
58530
74864
85398
54193
35506
69013
32692
61413
20106
36847
21804
60548
24356
20729
35986
21161
83243
96364
43169
4454
51946
5556
83879
21105
3202
7077
91455
12054
43876
41078
64505
66745
61222
84001
69716
37497
68435
57251
45945
56150
45054
6286
45724
61198
39715
81610
16887
53279
35473
52985
40728
51947
72249
64647
85375
95850
56596
38191
87584
13162
10101
65271
24540
6781
41459
36737
6209
52172
66994
40471
991
99830
95363
29666
10094
96233
96370
17641
59860
49101
98056
72676
7462
19111
26970
83697
82992
80216
26592
47014
73293
10666
7832
47591
17049
98017
72545
63327
87120
64776
3899
36007
34309
67334
99836
28686
38054
368
7991
28561
80746
37930
63009
93289
24840
65319
31450
48325
33090
5162
38710
96244
25953
6245
81604
93173
19541
20502
31199
71440
57685
9739
34380
92235
21304
91943
18318
86782
67389
67968
22986
28074
33802
34672
89878
70845
82396
57372
42319
77233
80364
43875
22372
99165
7064
66212
45132
68324
84776
10411
66935
75841
81301
18087
75117
12102
46165
80824
3579
35515
1732
21159
22011
55252
29080
32039
42860
36546
54709
68859
99547
8524
76943
62810
20602
59616
79907
38597
58398
44893
64591
53729
97244
74805
13473
97970
62628
28904
97773
73087
22528
4188
82462
97795
29267
2315
94640
12539
46758
78905
81053
31925
10371
27991
16481
58778
2363
6224
467
53692
73328
39487
2485
79220
52942
79302
53989
81816
28092
86134
71188
92117
88486
6514
64436
41893
41645
37942
12627
21726
49436
63911
97616
37719
42344
62366
81978
72801
15794
25874
69248
10556
32474
33952
66442
82011
53429
68275
48766
4564
67874
42547
65029
8920
88023
14472
10539
89767
48946
69378
62131
40265
6004
14607
71512
83640
76849
67985
29272
72532
59001
91071
80296
1532
76225
42943
86353
82586
88359
5780
5879
87766
77862
42854
91227
78029
92125
20081
89733
78278
89568
63040
54377
35671
95247
4564
64677
26703
99538
56156
99301
27206
85563
8460
80703
22765
94136
17760
52019
67790
56955
25356
53145
14989
38367
31619
14855
50303
49093
7211
98201
25050
65243
46547
88435
50007
47012
45507
89087
31141
51500
73481
83515
12211
70498
19163
76944
48914
59751
47706
69271
47332
43297
76935
67693
84550
36866
28929
39083
28236
76294
68808
66332
93730
31080
30818
87267
3168
23460
57765
6356
59003
13783
36998
45900
64462
56187
36789
104
48495
27210
86298
24437
75305
24057
39316
69438
66000
21114
33560
97141
741
87954
66853
26971
56460
83149
11211
59731
61969
14702
57594
75055
1465
54107
37248
10047
28181
71588
5669
24467
8717
21186
27691
11084
48258
62296
23350
74913
9998
40982
98797
97466
70990
76104
96991
25577
5027
93708
15241
66190
50971
85311
33455
52646
87607
50290
10273
63996
33176
93892
19017
97324
69802
65440
31628
79729
80693
36765
55275
49329
31067
59005
50335
16506
74883
69018
39563
48248
93394
30926
25009
78480
45052
99110
43621
38769
82900
15210
83232
55758
59060
5586
35843
46702
13430
39163
84666
98320
88537
73772
83429
19907
13418
93489
26202
47934
49531
27157
95157
78054
68782
80860
16638
1402
28514
54781
38991
78865
44057
53816
52107
61319
28599
45430
81953
91569
16350
27200
86722
74692
23720
25710
83843
91677
32257
19097
83733
32880
78624
40664
21153
61498
95941
19689
32173
60890
94929
83009
29430
12892
65195
99267
35754
32574
24769
8263
52008
27255
83342
8537
28738
45568
70819
8110
3302
75393
44222
37153
16091
32126
40781
36435
99778
92944
47942
36261
74150
82660
75958
84445
93322
44325
51451
56971
22706
1455
13306
91807
69529
37092
61408
36738
13713
59339
51775
94523
22741
89057
38503
12274
87381
56914
64706
24605
27501
82923
38357
1971
74607
53917
16218
2382
10839
48676
92399
99868
14078
51828
37522
96000
79447
38792
86574
82425
74139
69940
37385
96578
80953
76650
15277
15180
14817
43042
23597
94627
59298
39513
24603
15526
93618
82871
91556
41360
92959
43857
76107
16650
20478
24843
88970
31942
45532
50702
37301
47275
5596
44531
17350
55324
56478
5746
53344
13108
21396
86671
22223
82100
74894
73398
14137
99475
6560
57443
85270
96151
70921
21148
76940
99057
20330
88094
18911
50641
62631
16381
29567
89747
74995
25520
77598
2946
4642
43367
83412
3830
32766
39359
92797
93881
1678
91685
38608
4392
75597
59
72293
77682
80394
88711
18122
68914
65670
93677
40661
585
84735
69376
2669
88768
48661
76712
7588
31333
1279
70959
92479
59244
89832
16287
45515
25130
99325
10943
77144
13977
4553
4853
56869
94017
66624
81610
13873
39272
58605
1861
70120
95219
93954
30805
17837
14691
26449
73532
10338
48702
21095
13976
82706
42233
82157
16791
41842
45226
92699
89210
21
54379
73452
54551
67306
8689
50543
45304
27589
55917
87979
7168
8938
87112
13968
87360
23601
30157
73575
15944
74050
2501
57211
20716
72648
2920
59527
45191
56672
81984
13611
81877
22649
59961
27114
44280
81002
61450
82204
42677
32411
42523
4542
61714
96661
19005
52589
15083
633
31755
62666
14636
63752
32777
54030
9186
61616
18458
87860
6637
18284
82178
97795
70810
98370
11494
7541
45827
3486
7100
56104
31687
27243
25449
12651
77828
48190
18410
6394
64959
87127
11431
33526
79017
34685
90211
40207
90250
32753
45180
2759
13839
76542
85941
79422
75354
16452
30575
88523
31992
79529
15754
64707
35794
24153
11087
46109
62295
414
5446
28040
77189
24016
62259
77893
20736
75020
59549
96222
27259
36908
90853
2382
94643
28305
27994
60904
27298
64483
28449
66762
33329
3631
56010
95617
30017
58389
58935
13009
36546
33964
71942
53696
23686
53935
62570
31763
39203
65871
85875
93186
94502
96208
96509
75744
7429
32792
79882
93563
93931
71398
86379
9531
2865
18046
47610
55935
18230
32622
32449
56063
20262
55423
23706
99326
33169
37679
45163
68537
22437
78123
72797
48188
1521
11764
70021
64901
60071
44868
91476
66820
35001
48470
14240
92099
4327
60889
8208
24972
99259
5509
30808
71462
50693
7385
54971
27031
81709
97012
89035
2902
32392
89199
36729
51431
36869
44578
14776
12903
31902
10123
42030
38784
86327
380
90120
8684
61957
66147
85176
11391
99738
94290
92008
1146
24416
78717
94983
89628
92999
84426
7347
78212
52137
96223
80781
57054
46614
25006
42683
51792
99572
75899
44002
60515
29286
55936
44980
71725
59460
91256
23612
9364
17674
28010
83486
18296
23848
9835
62955
66343
96459
62219
29198
89030
26040
6943
73841
52723
18725
91731
51842
7724
73701
52952
75751
56481
55082
3802
71447
54260
5809
90066
5798
9853
59677
63107
89343
72673
54319
5639
49801
66767
59716
17433
98832
36357
70775
61279
48240
26410
66402
57186
19120
74408
18023
2449
15296
27169
54165
28897
5088
46181
92127
11348
23428
34927
46374
69427
50897
50657
30188
87157
55906
51002
63537
49749
2192
92429
93681
28012
86394
27580
90860
9888
52520
76932
11295
4536
11197
47012
20142
64335
98222
12449
17990
79298
3148
3157
94719
92995
42299
84509
18807
58214
32266
55781
19503
86542
59407
1162
14766
78560
7566
70829
6474
30027
63443
45422
3375
30475
54607
93084
33540
23340
87902
8856
58497
58446
54558
55087
26134
68363
91058
71654
12968
93955
41225
29793
1934
26228
73466
68540
40606
65523
34525
4536
17718
84026
98892
71979
16323
24652
73607
10240
47851
57594
26697
47457
78109
11240
13371
47357
97612
27951
57247
93913
81673
16639
93428
4203
6082
88350
11752
56563
74780
23146
93586
95536
11184
33569
56284
46476
77806
53059
19506
25764
55609
24437
1265
72396
47811
20503
47938
31166
58345
24505
82785
59042
12344
24696
9718
2694
31469
20625
271
45252
75449
67609
94912
52936
18303
19528
54157
29630
5484
18922
82763
16276
19750
69538
97135
788
20125
75847
88624
32590
24870
40366
76562
79410
77732
86478
92162
11606
94889
30154
42863
4855
68839
63501
44496
8083
64384
42219
43178
99987
82674
90691
8690
3336
64436
50777
75855
48352
16039
40363
11332
49116
91428
48916
60968
63367
24697
74571
28049
54655
19266
58364
928
65496
83436
35036
30125
94267
75475
7876
80744
15011
53156
9876
82151
18629
6422
62395
48008
99118
9362
88945
17966
59920
86056
41981
49851
15671
72458
87145
14367
76719
14378
88314
35518
25872
57653
93816
99197
49635
60908
62422
70458
40151
82436
26923
93449
77245
77695
74518
92684
48879
6513
41599
30019
40170
49601
32651
49482
97648
1579
60509
68568
30796
57501
19373
77983
69202
8924
84604
54100
61864
28245
81692
72719
33353
10446
41622
43438
38667
53333
93963
72039
50212
32920
59233
53482
42047
38343
40741
19138
56941
27533
54145
1925
61564
37039
96931
40090
37756
49836
20471
5059
98343
5783
75943
35764
5626
59709
9538
1031
38121
32335
22001
92621
60556
89429
4974
66084
13123
53874
62708
49287
51600
42620
71045
66522
16768
63592
24442
92762
74449
15176
55426
39822
35247
17580
79517
14540
60990
35898
24271
1656
97971
19759
54403
85048
88180
47614
50601
40306
50206
33683
22170
33345
65196
66949
21323
13833
85452
66262
35810
77041
33744
35192
72626
80858
22436
86202
4554
13705
16954
5667
48275
77118
89594
34890
95037
81132
43059
60602
49875
77353
15554
29853
15469
79709
23752
66943
65504
68181
81925
47150
38899
2379
85408
42047
47002
19080
10788
79577
26729
28899
99015
59546
44352
49915
93004
74719
42998
43917
6334
44164
10804
28609
29085
51732
57749
1231
56768
71955
78274
65357
94021
11229
57211
95418
33700
9620
66245
54270
83775
8254
1352
67707
71187
2903
97006
76733
22392
62801
60945
5796
65858
77270
59225
1274
18308
68515
52564
96765
26112
92131
39302
72429
90707
62146
50837
77560
2137
56808
65805
2131
94260
87098
99313
15877
49189
11261
75200
32933
59035
85731
25877
87570
19090
29645
88133
69832
55921
80544
10470
36716
60468
27388
48362
90115
18540
82348
10545
294
16273
1219
50633
75748
27755
9696
96459
16410
28841
86431
12943
15743
97516
50710
61639
87264
13463
28702
81956
53642
10319
13080
87954
11455
22343
2481
10980
40486
68544
35315
92303
48685
4295
91682
56060
45625
35707
45664
32391
19031
72410
19985
50476
20337
53427
24312
81480
29947
94975
47558
18139
13889
31408
39900
70308
37070
24013
6908
65217
71551
52930
62729
69424
83791
77649
7333
81560
64814
58443
85247
27199
78711
29513
36751
53943
88247
58082
34899
59957
73811
1557
84048
90677
7307
47731
13643
41586
51246
28911
985
98065
14825
10864
89575
50988
70037
64831
18721
99150
53620
88384
32778
19779
40961
21891
93890
51653
13403
79309
90640
96610
18913
30141
56984
88171
13473
303
12960
99798
73500
73719
42557
46246
9736
79359
79781
82885
83159
23758
70228
18446
5657
80788
11975
98758
99845
42578
20889
87288
40254
71690
75663
58692
71120
24292
96625
31194
77513
93756
14676
88251
16421
97007
29146
14912
4496
87121
74923
4055
21124
12515
11672
99261
52921
50245
62994
66027
60041
8783
71655
95240
937
90172
33581
61375
42572
66489
57969
81321
64126
11448
73118
72223
54921
2157
8412
53528
81544
83983
46996
166
76383
86450
74039
40694
58583
98096
66836
84112
84483
29664
122
36561
90325
618
72946
7266
31162
77040
49174
57051
23403
86644
54565
15361
68427
15609
70967
19475
65129
66508
98794
91269
46536
12018
93061
23976
52949
46760
39173
74773
6134
60789
67232
37972
85501
37044
63093
85090
18246
25512
72368
53905
37870
23930
64499
19575
12517
76820
86998
60571
93654
54397
6097
66522
95027
85035
8410
68597
52227
4930
10666
72367
8020
58555
25193
79854
87790
42353
71191
73956
65352
36601
98688
88255
69752
42446
48761
80914
35905
39631
60450
61857
86742
83465
26660
53148
93505
40472
78725
14841
31374
7951
58107
56083
49336
95078
69287
41389
20693
97320
71340
24344
89868
41069
92905
47182
31395
79566
36963
50119
85502
17160
89833
83829
21919
6856
1214
92554
8843
20053
8454
25729
37159
44535
25066
42866
6990
15093
73495
27042
90566
93580
66780
46479
16323
60088
91051
13780
7146
33925
27102
90214
12114
87788
13779
12258
18118
41701
66664
46355
36719
76622
45562
34240
89390
11625
9959
59377
90209
26784
59354
17085
87521
52718
36070
55793
63958
80583
67066
19077
98594
56747
38829
57878
53186
64463
94336
2843
87762
3034
84611
45836
85571
86279
48273
15634
76979
29842
45187
23753
98018
50597
87621
71320
16903
75473
53636
32815
30921
47798
81239
52897
90325
61013
78080
93124
65407
63679
75997
4179
77157
13342
99170
97558
15657
81760
39205
7711
75367
7313
21384
36661
88904
29924
60589
13763
18183
37106
91055
28650
84172
12100
49905
16395
44038
37070
31863
20058
83780
45776
37765
57015
20664
79925
37438
43303
57997
17326
12424
12664
8801
38429
60051
78370
76560
5538
42189
9640
46103
14449
54823
61833
30794
68403
34086
99496
29400
97808
94137
78826
28332
62454
2836
3638
28531
75934
3339
39645
2547
81769
42723
34711
38219
13262
70522
75286
14428
62125
48182
68466
76026
54333
95727
95153
24167
58325
66210
87351
37673
35764
58432
53627
32860
96522
67172
70713
88010
54902
20675
62964
72030
22437
4973
80766
28567
9665
84102
9816
20623
38020
2350
76355
70629
26588
86995
43262
99630
19352
26326
80214
49395
71984
39515
26113
97925
84122
25597
24179
70775
63988
30150
32539
23433
86553
85197
59842
11060
8383
10506
38285
26765
83458
88786
72084
28446
48318
68118
9336
46014
67692
21015
45093
75572
79850
64697
93171
80478
5783
23702
93262
19345
97467
78369
74204
65796
57823
42610
98223
47690
75574
91688
1482
39213
78829
96329
22797
60706
61898
17438
94928
657
23146
68235
4871
57050
20768
6374
70173
67436
88327
59488
99601
46557
8641
9272
84623
62018
61936
16945
3147
31821
51829
31227
82510
55173
78570
96747
34913
3729
24227
6097
13162
66229
84091
105
19772
68575
697
7013
22718
23630
50536
25446
87116
6995
85906
80525
42749
39130
48328
38430
38658
61851
9376
71723
5241
31651
87577
17159
89837
95141
57675
76058
46560
44967
53678
95845
97671
60755
34862
45591
14129
45004
50173
58139
46244
83327
66585
65743
78186
11073
72874
34139
98736
19788
34410
63371
71407
10530
66918
65754
1207
42624
55642
90799
93960
27982
38962
13106
84895
39586
76765
56542
58965
82693
70924
70948
69776
58387
5851
22034
15148
9949
7491
18523
34462
33232
83656
78955
77651
14600
66991
17916
93291
64407
35833
49438
32803
39750
12006
2336
40727
63776
37141
55599
20809
92360
5410
93843
50428
63177
16201
81252
74166
78791
50258
37118
56432
75872
73631
31446
33004
50866
81607
6138
16197
72099
25578
30660
44677
47857
23035
53075
99401
82739
45391
93739
84578
86114
68928
20010
60596
45809
70225
17052
47723
34798
79324
81551
10338
78593
15125
12854
17934
62525
30402
60781
29704
74351
87545
88818
21589
36615
46394
94243
20748
97405
76664
23236
99449
98119
25947
70185
66944
73930
74331
37844
4878
77120
24905
63900
95972
80160
2255
72212
46640
3435
80784
29088
45417
5170
32500
42232
72517
84672
53504
55232
75527
7362
58341
48456
58202
56408
37574
81861
41384
30689
45832
45845
81926
65770
42651
29251
67507
95205
31552
18384
53409
45112
93826
78312
79463
38528
33141
1827
15678
98653
27818
7733
78903
15133
60036
98865
6264
38215
82615
78771
86583
62039
30083
66859
735
12958
14978
75186
93119
26325
31706
87553
46258
10710
23696
76477
40814
81238
44239
17630
29314
25653
83870
41907
22546
66301
38926
34824
40495
86079
28137
35883
81440
45550
33648
38424
69108
39759
5250
41528
12354
33896
65215
58938
3563
79475
19606
77556
13914
94591
29690
76286
19451
59345
72883
8986
80579
25558
92725
53442
68661
39516
52118
90896
27346
5923
69272
56318
4878
30746
10692
31934
38579
31856
87785
95912
70770
81843
38224
73646
29727
46648
45311
36156
55618
90166
15126
27202
80100
54025
7782
35034
1276
85638
12904
44579
82470
76430
59437
30423
97608
61705
17736
5216
61541
23346
85184
13880
8855
73857
67673
45965
91140
53949
20107
94079
91513
52588
38235
19720
44766
49397
44097
22332
5743
7409
55998
76012
34411
43785
53411
72790
18579
67058
76146
47829
31286
28392
3049
93928
41863
35680
44774
76029
14502
11402
7815
49924
66777
17400
35452
37419
26254
82496
12265
24494
54056
10433
70814
94518
45496
28748
44005
80384
85228
92314
49453
75431
31101
25181
42737
4598
56655
19270
86532
4335
64957
19728
5184
67839
33040
85999
68838
44906
61615
51983
27564
21031
84415
98768
57103
36760
50404
13661
84071
85920
29578
80052
53076
34093
9920
71176
40956
82858
44978
25008
98584
92645
63977
79847
82684
51145
92414
1694
10072
9245
2482
14236
51997
49213
39707
57041
26518
11185
57304
40240
54387
40069
46136
3300
88914
85242
30101
49295
8775
55414
34743
24918
77998
33850
48326
8579
13017
50173
49362
37538
8607
88965
67146
20367
3879
5937
91676
56226
58043
18822
61720
10207
56222
78212
49452
95261
87426
66373
23683
42473
91453
28029
19078
85058
84881
12976
23618
93534
75579
47184
62946
17379
98405
49755
34014
30668
95400
13362
5140
64064
52351
60026
80219
46927
80447
59250
3142
46803
84319
90006
75622
49843
19584
41006
52112
46155
89180
55240
35837
32167
22725
35504
40085
42101
71680
67415
92100
89486
29068
84732
75207
19036
67424
1308
47398
48685
44382
85070
94925
66271
19159
17563
51161
94863
86784
31539
91517
8661
90663
806
73448
92364
57297
28978
65001
72719
33160
97514
1979
25237
46347
25299
84333
784
25756
25882
21244
96129
7377
49665
33358
47315
18526
84887
96667
82561
56002
17895
7814
27475
36128
69735
90761
13958
5877
24871
99875
92458
77239
96740
24721
34168
76501
65036
19283
22659
86559
92876
81261
86129
88085
89652
26923
77808
50603
19480
19992
46013
20170
67773
64412
59456
33619
93651
26597
24497
12698
28151
69108
21636
16910
81977
55989
22131
7845
21872
26209
47739
20350
56185
73283
42867
90080
17708
33350
62614
57391
26848
88009
88473
2361
70964
46334
58982
88272
88753
64641
37639
7883
80227
72309
73795
15233
96963
16
27480
60367
41284
96074
68991
54548
15944
91206
36816
50698
78805
23545
79033
32262
50614
70027
32430
42366
74013
38438
42329
71541
85808
94866
23947
65999
20159
64279
66215
27204
15251
3528
61492
86835
56354
80148
726
59066
97644
32895
91402
68890
98172
5058
50666
44321
39987
9014
55519
84530
10402
61649
67337
59335
80606
51119
86796
57189
27040
87519
57624
51671
17089
9153
96755
65528
29708
5690
68874
99917
66937
69219
67682
90656
29258
84371
44622
26104
95577
23074
4978
73836
16791
53344
49049
66167
57938
47398
46768
88804
26380
50647
74774
69811
53522
22744
81276
2801
63623
51702
67967
54474
83388
28844
31129
19729
536
85447
26601
3864
70211
22098
35784
11029
5040
23180
69984
68331
43971
18829
61946
15857
9874
16831
78172
99300
88884
1820
97375
20701
1434
7063
14794
11839
55105
30855
84674
95879
92095
85701
95495
12119
98269
96042
22253
25710
1240
11671
62810
53301
25216
83115
4525
2936
9641
13054
77759
3588
83341
32259
13902
48895
70013
81453
22812
8447
72819
14159
46598
3035
4472
37742
24856
51565
35906
15158
17288
57193
6702
29132
85244
18139
50256
2478
14380
1267
40955
98979
75968
8194
2249
63383
73204
88874
44013
33956
89608
26920
6346
28676
88799
21221
51260
53391
41792
66921
89599
17392
26741
91202
13538
11876
93926
11385
92993
74957
7057
21483
85833
28258
4226
50384
73794
26565
59599
77257
35919
83112
91278
20529
3834
72547
80779
97910
47068
24947
27571
40304
3763
19629
18072
69990
34899
88916
74665
67685
58179
62950
34113
88272
94193
10613
38692
71216
65791
23599
71157
67330
9105
33295
23162
85314
34665
99060
81275
56079
21112
89486
92704
54972
88566
78470
10795
63922
80819
83339
9306
60685
71329
26983
5230
81677
6164
79302
47550
2095
11020
29056
40758
70477
56839
35325
5503
69805
91585
78283
17167
7621
94676
8546
66208
54549
94496
77656
98335
12560
42879
69529
62656
64092
4901
22868
71517
83022
6411
18258
51796
4741
18643
21736
76605
87210
38570
63449
90581
65873
15747
90418
65025
1028
15791
28610
55962
61488
13731
10100
75503
64766
56992
35871
96706
80538
35035
86992
75843
95420
25203
38252
76136
19056
63611
20833
40272
24753
39686
14591
79137
48036
50729
50068
43521
82511
44444
28317
95147
17230
94010
1288
74439
86832
95000
62985
76983
64977
26264
24581
68078
95089
71837
9171
69879
81551
54044
68882
92640
9636
99840
36195
69821
10044
38836
30374
27265
47570
36447
95863
50929
56988
62241
64238
47821
95550
27107
63411
85662
89794
34003
71712
53807
76720
27806
7093
21013
17654
49312
56874
83359
35534
15940
17535
50972
25417
66885
75795
33191
24909
69817
1516
56614
95749
76102
80405
74522
46891
87000
60081
28708
60128
10076
13455
8187
28044
83962
71321
98713
50676
7539
2120
56468
20471
30358
449
24145
62162
88703
97133
60811
48583
59017
35492
58166
39067
8138
53528
17646
9320
37172
5999
39132
49307
62103
42324
25108
52188
43236
76499
30705
23147
6384
63802
23994
4830
19059
9667
58282
27039
67837
59015
67719
43814
81527
96071
69544
83887
85835
90945
35225
25895
33874
73144
90559
47486
94920
52690
37843
92478
29625
71930
79997
91839
87462
34208
46248
62657
27876
86620
7760
94471
24999
56871
96835
41019
15353
20840
32715
94743
19231
4376
39504
10709
48912
17626
41471
13296
92353
35331
79708
52638
23307
86355
11133
39340
87055
27948
12102
35688
61749
30725
48457
18569
81721
14395
78169
931
7798
34590
30675
22273
91032
23155
18860
74422
55694
34156
18107
49636
75724
81244
11179
86029
21379
90976
13727
83910
75034
83110
41210
90846
82235
11595
72157
11822
69271
10208
91341
65659
16179
19735
62824
74085
57508
36986
51167
3137
31667
72087
19666
54533
97715
62076
79080
89084
12407
51503
61033
89055
70331
60720
33109
62290
8363
79640
20270
17953
96355
11770
58792
66482
17201
68713
89073
88598
60973
69262
39819
10234
63922
20653
14628
20908
82235
81745
89300
76574
45230
44481
6932
83135
33086
55584
77999
96914
32967
92325
82701
34009
43864
74071
94809
46583
74588
34254
23810
69705
85974
20615
42854
88167
46463
62733
4522
88084
94153
60244
61149
93428
35255
21164
68998
68186
151
34794
60458
31319
48855
47209
55588
88447
38083
7440
55259
64146
69372
69594
30817
67589
95662
9549
88659
56348
75155
23855
25873
33237
65521
7997
50790
97114
21579
27060
99956
28774
635
13763
75234
63241
53568
47863
31233
51735
16311
21860
3532
26965
50675
29165
99163
71202
64995
19916
30269
66598
53767
72561
92304
52909
75072
43594
46822
61104
11560
20675
30811
91629
52774
257
1225
68609
48340
2587
11032
68494
55496
54620
75388
56642
96058
50419
15430
60596
8104
7651
5656
91149
71960
48073
17716
41803
35687
11817
49046
80447
94184
42144
49089
94516
82523
18891
52925
14466
27029
95979
49293
92186
37184
59132
48483
24067
27774
24994
12063
92212
86268
94310
12457
88924
3196
11775
48231
69963
62593
622
56880
41686
77155
12243
22190
59013
36067
40845
37157
2620
34907
83341
77731
88174
68205
83682
53712
83476
49561
33804
34946
23654
34079
75945
21664
84106
79859
57604
80690
63984
47915
65758
35254
64068
6929
40150
58561
49874
33609
12878
47315
94543
11126
68854
80402
25142
14226
11388
62061
35130
41040
67656
94475
98053
54361
52426
33616
65211
17867
60660
65787
20507
30699
60562
81783
72762
82715
37554
18505
41833
9792
83686
7681
77524
78923
78249
72514
12323
3547
6800
49965
91421
64750
39691
36118
23586
54821
57266
1546
11578
87284
64946
42396
25479
27184
18474
56610
55237
74268
69083
94542
14820
10966
95487
76831
70435
94927
87121
35091
33321
1901
80789
29597
87449
44859
47188
30681
53475
28652
55515
65024
72098
84120
22117
41168
9632
39953
90260
7312
58540
41538
47263
39921
26081
81077
55207
76022
11349
88098
13687
72475
77976
62358
5923
24540
64709
30640
85808
47812
85262
17145
88450
63692
45095
53165
64420
66222
43521
53937
37817
53664
36491
27638
11519
85946
89145
9948
82938
30604
47854
59441
80482
14103
75560
84082
25757
65525
47220
30377
97071
15981
56036
6680
4175
93512
76237
71240
24570
66261
48216
94502
76338
53795
52848
67837
38007
84076
34317
80510
97585
95878
452
22062
38206
74453
48052
95422
92349
54474
78249
34218
21294
84690
21776
46476
20706
78735
19504
43425
79049
168
1042
95114
95836
76848
46149
45823
46668
74041
64042
80934
27897
76148
95350
73802
73375
73507
32083
90624
59189
85373
50512
7043
75475
54703
20050
78579
97293
41611
42188
50123
88435
36807
44443
78914
88762
78816
16456
12065
15511
81556
33784
70654
24621
36174
25173
53885
16523
81584
84230
37027
40225
87114
41946
96807
80695
16810
29945
9856
36344
7739
17830
58383
74767
73961
24884
62018
75595
69306
33702
62564
73809
59952
45172
89368
36893
92525
49431
84208
13350
32692
90794
35505
41580
26579
13565
73201
61210
94708
90947
54141
81539
5433
23031
873
32951
31919
79223
98580
29948
64579
58866
424
62166
70632
14446
11424
97045
66231
50597
43638
47981
68276
49001
53156
84768
47417
40468
67073
44212
52013
90375
8060
46392
16399
45032
43029
25378
64927
96735
76514
40319
49544
28380
41022
86804
72806
50111
36451
47549
46077
69728
97008
94966
3252
47975
64273
25004
53978
80766
10891
94130
90567
45293
99050
48472
20277
34504
81961
41243
40525
56293
8193
95965
43435
13482
81945
19116
35550
38491
11512
48231
99602
73166
90697
71730
44366
26838
88653
39615
61223
95756
73580
63097
52225
95098
99903
59950
77973
3338
69482
55442
55293
99063
87448
14964
93107
58203
26991
20670
29935
59428
32167
84572
19329
48475
55840
11181
30606
70233
46001
11683
21204
90309
30905
11236
1476
3588
66131
98387
88779
61158
15016
19864
59207
85208
78357
74118
50376
55104
8814
53184
2436
71097
95008
36115
16376
25137
9102
82921
63227
91090
42364
89978
54465
33179
34517
60942
4575
73300
87430
33069
63415
77893
77138
58097
51376
77393
30882
57129
99594
70399
79586
18436
93626
80374
94839
69975
89602
5164
13933
81074
13784
77923
87822
29759
47079
48809
67400
67942
95533
36660
19921
97164
6656
56024
24834
25993
22559
54860
78086
83539
19293
29833
75940
92891
88772
3913
75137
1644
72652
55473
86721
27113
56761
67422
19471
33075
32138
36028
5895
85767
7455
77113
25384
13488
81827
81650
10519
34057
59719
8831
99312
84414
87726
37531
80643
10747
24295
64036
55776
59980
88505
92575
36832
96821
83231
47406
1129
37909
55691
95857
43699
93950
19530
39643
53522
95144
94734
39595
24440
40986
77123
92675
19656
41491
47926
51831
85985
23651
40033
28703
34178
50326
2826
10975
37332
62141
39105
68938
96265
29920
8112
87393
62690
42739
79664
16875
29235
36599
63134
87235
39449
53169
54539
89006
69636
87772
21376
33269
76472
75878
56252
30981
67686
2318
52053
30065
60852
27444
74039
56662
91574
67547
53476
97772
61723
926
57386
23004
49777
68502
69186
54523
81314
84227
6215
33932
60883
22792
33943
52370
40838
28973
61067
54691
38578
15078
45221
1417
6477
90058
64945
9889
83968
63969
10919
9061
95642
94510
33863
19176
26097
41777
92386
52946
86387
62295
79275
25862
11523
64105
91970
41643
60046
72948
9508
16131
4401
68404
74412
6973
4054
54285
78315
20523
77228
77165
33737
90785
17128
51849
36907
19466
28979
95314
58333
80977
92037
66932
35326
5407
97467
39625
94351
68007
46086
76953
35593
39196
88924
41440
38632
4514
38914
35836
62747
54888
84231
51719
55353
49047
14269
19655
46005
19845
27909
91354
49045
87903
11329
21090
80582
68819
9398
72836
18860
39923
73664
61520
79769
45897
74164
93344
71975
21330
63151
8473
62042
67711
13726
33978
71342
93568
52708
15067
84386
96160
92836
40504
74434
85868
5964
76780
93272
52162
2416
95164
15944
92190
397
7182
70507
43425
74506
30759
45799
46935
13064
92578
45501
24327
23344
81447
65990
11760
84374
6221
80985
40311
46813
19686
83468
55744
23263
7814
20709
75273
22133
79820
23212
74395
17560
53608
48303
31447
97807
74860
74300
62984
94558
5561
14314
58782
52625
76917
78603
45382
83891
50617
31208
32850
84203
67049
96591
93506
60851
68854
2551
2466
47608
9129
64515
84778
62532
94358
89891
83410
49533
70091
20059
87423
86363
9961
19865
74815
20152
2957
94474
68986
84314
22414
87972
8107
72085
70315
30086
47229
42457
20695
82527
24986
61563
18896
35347
97794
45978
87665
26199
50702
18426
5453
4280
82435
65174
10810
85833
13079
28660
32241
46912
74439
24060
93909
20241
70310
42385
30647
35197
31968
48317
1431
5500
23642
92397
1011
90018
75229
44956
46685
