33483
55383
91512
99614
79097
22540
1362
6064
94467
84451
32652
56162
38138
14371
22090
37123
70943
77441
63120
65036
38165
29703
7289
64554
3797
52733
29797
46865
3709
927
61755
493
65395
37274
77799
12669
50470
80662
33178
29583
67399
35322
70595
75938
46566
44832
81907
63010
93596
14080
18088
37431
59356
13259
60423
35496
89804
84443
58140
13405
23699
75745
60477
93673
87345
79305
35124
62841
96638
48184
21339
46733
44769
79692
6989
58519
45871
26989
57268
42145
96393
71812
52483
82776
19092
44550
22703
63781
79060
97219
69956
11776
57856
44534
81071
26186
61773
55093
29620
97271
66040
7784
22843
51531
36400
17756
82937
30323
56457
22977
40260
63223
82429
19154
66953
67168
65158
54309
29312
28650
90426
96351
38063
42030
65808
66025
99276
63260
28745
270
12455
95068
94884
599
76398
19513
9062
55427
77653
18277
62893
62200
56157
94546
47747
50606
81329
61065
85171
97119
24697
61744
40315
34306
90396
56556
10910
32210
33170
76402
9507
34149
51208
71376
60641
21768
5477
36166
61307
41999
95764
57773
56349
68330
85506
82795
74900
98091
6563
76203
97921
83656
62077
48646
23565
15491
84110
33335
80147
60616
4376
14633
80010
8204
13797
82943
47855
38696
760
50837
59784
38334
94401
93531
50330
61806
98777
8418
80116
34155
36024
53840
33120
58730
77296
55340
36836
24869
35653
49156
66308
15090
3589
24397
56103
67833
31924
74911
54310
12873
20655
12736
72590
11513
83598
30874
91312
48073
9457
37538
98
2823
58213
10724
37225
25074
84278
64410
44896
92848
1616
63536
6898
46011
12944
84330
1350
86478
60839
30639
39641
17012
24780
64583
12193
42320
39029
61442
53474
85726
5457
37259
94345
85595
11471
64355
80706
56055
43046
17974
70686
78991
69562
51529
99197
11173
98875
65099
61980
68510
3719
73379
52330
30832
80979
84904
73519
93236
80635
94154
81821
48766
82371
9628
62877
10654
40111
7078
81491
94367
45968
43722
48778
82101
44590
35227
55702
94013
10982
9856
7107
6806
44040
47154
53348
97458
4006
50626
56784
23575
11738
67116
12184
23089
35960
53022
90918
23657
53376
77923
67920
54599
33919
31304
17002
18328
30717
82309
86870
62767
92849
56819
85026
37311
80345
48273
78219
76924
32064
64858
5408
57020
1857
72459
65109
30119
78527
54067
38242
7426
61829
19663
17749
82202
7505
26123
88396
50891
61754
16916
57490
62557
7546
20725
39194
51946
70835
3532
17747
70331
30374
78651
10817
51603
51271
22897
34205
19573
53154
47826
46380
62599
53284
73328
49717
95716
48364
68261
18696
25020
6222
81602
91977
79087
74147
61278
78347
63352
79164
85070
36550
82957
55911
64017
99336
42377
84446
10597
84086
20106
30501
29118
70861
59442
84011
98880
46319
21392
40605
35872
11410
69338
59183
26667
31258
50424
27701
30587
37959
69266
24098
90208
54452
49863
61015
41646
63764
75238
27009
40564
94343
79549
17499
83135
9314
61042
12619
71298
48653
64579
51600
69835
22328
77179
98685
88487
2021
63583
13912
36739
78257
70318
79595
20916
23746
76232
26258
37723
78372
98240
43339
36184
21589
84607
1771
68688
31357
82929
77958
6967
59509
38184
45737
39125
10898
47859
60832
30752
31178
36985
17744
29955
83144
6186
77935
67472
50123
41658
88907
42348
76839
91710
67347
48512
35271
80195
98464
26973
56876
28042
80381
52166
59628
58542
83412
17935
73619
85596
25594
64688
77027
15865
85768
73230
77660
44500
50659
68153
21373
44369
86761
3191
22246
95055
5109
85678
26537
66522
54777
39301
27035
48936
14578
87598
83891
21573
65940
79950
40630
92550
60990
48142
91670
80966
30570
25255
88821
10494
24868
22448
84093
32928
14264
66151
93256
97398
26348
75249
817
10654
54282
89605
56255
49176
55547
9558
37270
69665
52413
34857
3127
33034
7729
1881
84187
52707
17910
78863
56838
92047
89429
12617
97883
27265
32508
21262
538
76430
80403
610
18946
96593
44726
19643
54094
85882
15640
52514
11705
84516
89991
54373
53471
32994
36487
29419
91402
66675
6013
24221
89903
12921
93132
10881
85541
10111
4423
84696
42994
3235
23416
72222
53287
19610
16186
56738
40443
32817
4414
77097
16312
14500
94691
70467
82133
77371
10202
12456
30708
18738
97320
88227
13196
6720
17546
42606
84448
91139
60885
80339
52984
62864
4760
88545
44157
33560
97578
62461
15719
67294
83325
3261
10967
81034
68601
19240
55866
88235
77062
36870
93725
49914
6564
42196
27027
45164
98086
27473
51199
46566
25154
44441
61439
73429
92341
29500
37782
3280
33055
46415
64069
77742
70885
80728
45792
3227
23896
88957
2164
41021
51123
73786
33627
66932
18382
86844
32607
97040
45396
87781
1373
45345
50385
9209
45326
22587
55144
54218
35401
76091
54289
26309
33797
11987
40715
20886
60076
81126
40499
35292
5687
12173
45572
44596
28452
8032
96766
51277
68890
52484
36718
10907
79052
71355
86310
4035
88752
99618
22655
19563
10661
83350
54441
97675
67090
76936
22754
76241
85241
36216
82645
31775
85019
77214
27904
31970
85776
58195
92181
61690
94858
98211
74182
4461
34608
55236
22644
92773
25648
83758
20565
91148
75882
89949
35164
6370
41711
47407
76313
46490
99709
84308
78664
18087
82858
73347
76244
28819
80881
84209
79724
375
39558
74177
73709
72084
550
6543
20372
29025
56269
42249
48503
15019
55073
66284
45243
73101
90880
22951
58312
22692
30263
2959
65086
18822
29993
56589
35433
57052
4257
85902
17093
50144
44001
4105
15940
10950
96101
16349
18666
48183
91126
4053
208
30091
2032
59909
8004
59077
32908
56196
33517
92376
9632
30227
25211
14443
43989
22826
20902
44245
80319
54403
36602
4628
49514
32989
44969
28364
69978
91011
39109
76474
59443
28163
95086
39888
71944
37938
17326
68190
89476
73021
82117
58187
11872
25040
22164
27014
59487
60757
47840
31222
43069
42449
13966
44809
97353
57471
48212
73264
29500
99998
74780
4736
71065
59624
30653
81811
3939
20840
34501
30939
16661
56422
76136
15268
12965
32620
23830
6647
21226
16087
54830
31144
97792
78730
8649
85928
3250
81755
94046
63577
48294
23960
93131
50613
64572
38583
50324
3751
8661
59777
94177
11996
37217
82406
25338
39584
42952
95964
205
41095
44349
90005
73447
70082
83262
87487
27093
29110
68194
15615
40049
71406
39088
86052
57963
51005
